
1068718455
1050481014
1272466896
660153938
1078141531
1713979373
1910910410
426268464
304669267
1846844866
1655775823
173252363
874346643
1210325134
1023169482
568901961
1236240022
168825599
983483654
381903768
1832477611
1143900420
509686855
352784859
399933693
303322947
553796435
201090784
5028522025
875037323
664288657
475324046
1251906386
740389207
499304227
831393723
1483057813
266708010
303447011
575332805
591619351
509391970
927835685
489461992
5006610359
1098186587
1369111914

5018896702
773357015
1454594271
554483478
1118241290
987003108
1243276312
228548406
963788447
868874963
197807421
850244014
1358337898
542051389
96716160
509154553
1753617830
922562285
355221047
329029153
1866089632
1205064740
600013180
715830809
695773904
645600531
1765714850
1224714311
1523077873
1469800185
1221843457
1168668365
1519416616
1182099453
672057840
1927190485
1074227049
488693116
513906494
931986270
1577575469
1103795527
964766079
5021193728
779975213
779149942
455805361
146178986
940522269
502881488
562546951
661764237
411098615
269814346
909588999
455245060
454287352
450253174
1123711385
296023024
393384693
1686478444
634278559
497958656
1022939973
1043281299
868224481
449958094
1011084791
1608031352
925941500
812760444
570929460
1026489192
706601913
895273294
224099578
832612214
1278863124
84141138
1412806116
327928373
1750963701
420731994
82733001
511442143
260232700
984796794
379286579
1068100168
967008177
780885824
1076923505
806170402
1738557189
411545034
970761288
1242675653
325700767
1805819954
648084230
5065680883
756293869
517515843
253386259
765432205
142176914
849228998
858001190
469698535
988586407
878539570
1075979120
1593517852
1152907987
778856988
1723307314
877056141
507910040
605143429
931960720
810938127
985970603
921355860
1086069422
467481051
286400618
1206869026
780043449
717725614
1295473173
612541640
475265609
1638664939
988317108
464844154
891068165
1899518090
1619903964
396025720
426760816
551295101
855624998
833259458
2029416960
1745320071
151717759
875504046
417053576
1777519906
1435722801
1075233424
934095529
946418858
1052422636
1006276047
1848440930
822255437
299463905
496197476
1639249614
1073962791
941143375
418518645
149314504
1255446038
677034721
508707590
1215777464
645088639
1095115521
284571831
559438555
1838315139
947926034
708138063
865450836
519538134
878648612
811415209
1598046091
571633543
772273963
1178338967
133837567
560398081
1274942529
1138816614
1796546509
88520042
199649584
1397249908
1410114536
938316119
500818791
1002141321
470006359
1319290964
704853490
784090997
5016337986
772460551
1194050113
986304222
448746591
578212891
263927465
1014011264
1320679294
281511790
342794430
674640864
414623129
765708203
549380874
886240516
1321124471
964132276
582293968
480927891
574447056
2117052713
313629917
513926808
1466960180
802226478
832490720
882043342
2025498356
339070768
1621215503
1142294946
1635860963
341591779
1457785553
1151464161
1639265048
705188334
531686061
897247447
143128503
426928194
695639048
670035094
1372658006
1213165528
1744434359
1436238761
846809443
1065023719
1145299093
619462642
827047669
649202668
1435899532
1413541425
1136020577
1259977917
758170726
1223535414
1547217436
1068947511
326777353
873880897
914416642
392945506
527483043
1147562499
1742810878
1973068573
1147412259
1931414317
5073576912
696317475
867886156
681998644
577524501
946111708
182149300
1321978940
445437011
485548543
5036630890
1881073716
220548744
908233561
865918404
633314518
420645468
943024308
849072071
487049042
1169677900
1559382936
578386468
407936716
1601474131
536301590
524576374
557522894
865009079
979610987
1437401795
764076804
131057906
277797919
1202682661
181027047
1302865449
788225641
1220463049
809692110
279574077
730948408
1073071527
394539738
1359648594
609551749
1911173159
1111462687
1191345113
437319585
1365103103
665798565
713466126
780200907
666752461
841872732
1392662262
1222895575
871716410
962047605
1051645768
1073590803
328469467
1647577423
258869319
806890553
1349005967
817611989
1512969462
796682392
937697779
5085356400
1648520091
456812135
1205756270
2008185948
1117439391
321459826
1429522051
594466100
401096446
487887845
973644019
943194213
1467245945
1014089113
769362021
715820292
735022328
1748899332
826194399
307910139
967145475
448345308
1218293707
422152795
1165858456
1545134262
992441709
1359762059
1185071321
327572140
451344889
1744767528
919634225
853393963
406430959
1170106153
515832937
839616098
1627348011
1012351990
425419155
625579588
271798618
898275718
1141089054
1849514582
1236802695
469854402
1737727203
1500598587
865087199
1043366203
2044782444
818744596
925172054
838096601
987842994
863993881
1096608481
895962863
1392503861
835344974
479637708
763543228
1480003207
892168424
1581962470
284778202
893185204
2097443303
5075956862
1370147696
1090172683
1432117990
612634757
1423804130
614450773
2045841329
1420397430
546666488
805716090
391059512
1239027248
1219766748
478335434
417491851
847145085
447496863
759295400
819808053
333113968
656954971
5081741508
1126772836
978007074
1764923200
2007783527
448618010
1061007869
67011751
2061179201
1965457535
2105282226
1073923791
5090586435
925153979
526210872
1259452023
985575305
401494582
833368110
982335585
656530298
917667255
981552435
335029928
576105808
1040668421
2073588186
2125054731
233866600
5054793373
1422084776
962183818
553084475
2061702607
500498367
1036154297
862612955
342177744
590282725
898298402
1416510166
796133514
447663887
1631869514
1016258421
1557277952
327802356
1121989680
1238807019
1043104254
1233834924
1677284954
752569090
456119991
539679440
1755143357
1392853666
231332899
1333323170
1291094776
139304089
1596203143
1107673901
1098612475
1790361989
1435860375